0.66 0.08 0.58 1
0.67 0.24 0.88 1
0.91 0.25 0.98 0
0.55 0.25 0.61 1
0.69 0.15 0.73 1
0.52 0.71 0.56 0
0.72 0.11 0.68 1
0.97 0.89 0.53 0
0.73 0.24 0.39 1
0.69 0.94 0.56 0
0.69 0.95 0.54 1
0.67 0.33 0.38 1
0.79 0.27 0.38 0
0.52 0.65 0.66 1
1.0 0.85 0.96 1
1.0 0.13 0.88 1
0.67 0.92 0.93 0
0.57 0.97 0.85 1
0.57 0.39 0.92 1
0.54 0.53 0.98 1
0.61 0.94 0.73 1
0.88 0.77 0.73 1
0.95 0.64 0.49 0
0.67 0.6 0.5 1
0.72 0.5 0.99 1
0.7 0.39 0.71 1
0.52 0.9 0.93 1
0.52 0.59 0.48 0
0.63 0.06 0.55 0
0.97 0.13 0.45 1
0.89 0.75 0.36 0
0.94 0.05 0.92 1
0.98 0.8 0.87 0
0.81 0.19 0.44 1
0.8 0.96 0.97 0
0.99 0.54 0.71 0
0.83 0.31 0.64 0
0.81 0.79 0.95 1
1.0 0.5 0.82 0
0.78 0.71 0.61 1
0.68 0.79 0.83 1
0.9 0.7 0.59 1
0.62 0.34 0.53 1
0.73 0.43 1.0 1
0.83 0.1 0.64 0
0.54 0.58 0.88 0
0.79 0.92 0.65 0
0.96 0.56 0.68 0
0.6 0.98 0.38 1
0.86 0.32 0.64 1
0.63 0.39 0.97 0
0.76 0.15 0.78 0
0.54 0.43 0.68 1
0.75 0.88 0.5 0
0.77 0.64 0.55 0
0.55 0.44 0.4 1
0.98 1.0 0.81 0
0.77 0.94 0.53 1
0.87 0.58 0.51 1
0.69 0.79 0.78 0
0.74 0.33 0.7 0
0.59 0.11 0.79 0
0.77 1.0 0.93 1
0.78 0.99 0.94 1
0.62 0.71 0.98 1
0.8 0.67 0.6 1
0.65 0.0 0.6 0
0.66 0.24 0.86 1
0.83 0.02 0.98 0
0.76 0.71 0.84 1
0.89 0.31 0.68 1
0.89 0.86 0.61 0
0.8 0.37 0.51 1
0.97 0.01 0.71 1
0.94 0.53 0.71 0
0.81 0.67 0.44 0
0.99 0.93 0.76 0
0.72 0.59 1.0 0
0.79 0.8 0.94 0
0.78 0.51 0.78 0
0.52 0.65 0.44 0
0.86 0.0 0.91 1
0.97 0.33 0.75 1
0.9 0.54 0.64 1
0.79 0.91 0.99 0
0.91 0.32 0.62 0
0.74 0.87 0.95 1
0.57 0.2 0.85 1
0.89 0.01 0.53 1
0.82 0.54 0.5 0
0.58 0.82 0.54 1
0.99 0.56 0.4 1
0.88 0.24 0.89 0
0.69 0.86 0.54 0
0.7 0.26 0.47 1
0.93 0.59 0.96 0
0.5 0.18 0.64 1
0.52 0.29 0.86 0
0.68 0.01 0.47 0
0.8 0.93 0.81 1
0.81 0.15 0.93 1
0.97 0.67 0.68 1
0.88 0.14 0.35 0
0.98 0.12 0.92 0
0.96 0.82 0.8 1
0.74 0.43 0.64 1
0.5 0.08 0.66 0
0.77 0.33 0.56 0
0.62 0.75 0.61 1
0.61 0.89 0.81 1
0.56 0.31 0.72 0
0.71 0.92 0.81 0
0.69 0.13 0.36 1
0.7 0.59 0.8 0
0.84 0.69 0.92 1
0.61 0.84 0.84 0
0.84 0.22 0.64 1
0.52 0.74 0.33 1
0.9 0.62 0.46 1
0.58 0.78 0.42 1
0.77 0.39 0.94 1
0.96 0.6 0.92 1
1.0 0.81 0.52 1
0.9 0.36 0.48 1
0.96 0.66 0.45 0
0.83 0.29 0.92 1
0.57 0.27 0.7 0
0.86 0.5 0.97 0
0.54 0.81 0.64 1
0.75 0.86 0.89 1
1.0 0.11 0.53 1
0.72 0.73 0.77 1
0.58 0.87 0.82 1
0.82 0.98 0.54 0
0.63 0.35 0.68 0
0.96 0.17 0.63 1
0.68 0.33 0.55 0
0.82 0.86 0.39 0
0.84 0.64 0.61 0
0.54 0.45 0.6 1
0.57 0.26 0.85 0
0.76 0.0 0.69 1
0.9 0.83 0.42 0
0.85 0.44 0.76 0
0.52 0.38 0.91 0
0.91 0.78 1.0 1
0.57 0.16 0.76 1
0.66 0.68 0.73 1
0.73 0.38 0.4 0
0.77 0.4 0.99 1
0.66 0.62 0.7 0
0.85 0.29 0.92 1
0.65 0.3 0.64 0
0.62 0.5 1.0 1
0.76 0.37 0.67 1
0.84 0.87 0.65 0
0.97 0.38 0.69 1
0.84 0.28 0.33 0
0.52 0.98 0.73 0
0.59 0.67 0.87 1
0.93 0.31 0.74 1
0.93 0.35 0.52 0
0.86 0.99 0.61 0
0.9 0.01 0.89 0
0.95 0.02 0.38 0
0.97 0.7 0.46 1
1.0 0.04 0.83 1
0.99 0.28 0.7 0
0.61 0.34 0.65 1
0.62 0.7 0.88 0
0.57 0.8 0.78 0
0.95 0.3 0.91 1
0.92 0.13 0.79 1
0.71 0.17 0.5 1
0.98 0.25 0.7 1
0.75 0.83 0.35 1
0.9 0.6 0.76 0
0.93 0.39 0.33 0
0.76 0.56 0.37 1
0.82 0.15 0.75 0
0.69 0.72 0.59 0
1.0 0.07 0.69 0
0.86 0.98 0.36 0
1.0 0.64 0.49 1
0.71 0.65 0.59 1
0.6 0.9 0.85 0
0.72 0.56 0.79 0
0.99 0.98 0.45 1
0.64 0.91 0.4 0
0.5 0.56 0.78 0
0.9 0.3 0.93 1
0.6 0.02 0.75 0
0.87 0.17 0.37 1
0.8 0.54 0.85 0
0.68 0.89 0.43 0
0.69 0.03 0.48 0
0.66 0.77 0.56 0
0.59 1.0 0.74 0
0.92 0.25 0.61 1
0.81 0.58 0.9 1
0.58 0.66 0.71 0
0.77 0.06 0.81 1
0.51 0.04 0.98 0
0.73 0.56 0.72 1
0.53 0.95 0.39 0
0.8 0.82 0.49 0
0.6 0.05 0.95 1
0.5 0.59 0.74 0
0.89 0.75 0.55 0
0.74 0.17 0.48 0
0.67 0.36 0.56 0
0.55 0.89 0.74 1
0.9 0.36 0.85 0
0.61 0.84 0.57 0
0.58 0.37 0.71 0
0.58 0.58 0.97 1
0.68 0.18 0.56 1
0.68 0.3 0.56 1
0.93 0.4 0.48 0
0.92 0.2 0.93 0
0.61 0.79 0.44 0
0.7 0.34 0.45 0
0.93 0.52 0.71 0
0.85 0.71 0.45 1
0.65 0.21 0.5 0
0.95 0.82 0.5 0
0.83 0.55 0.79 0
0.8 0.15 0.74 0
0.65 0.71 0.74 1
0.6 0.29 0.34 1
0.57 0.47 0.98 1
0.65 0.26 0.78 1
0.91 1.0 0.83 1
0.86 0.79 0.63 1
0.75 0.71 0.99 0
0.98 0.83 0.97 1
0.95 0.32 0.68 0
0.53 0.15 0.36 0
0.61 0.7 0.6 1
0.61 0.88 0.86 1
0.72 0.84 0.75 0
0.69 0.75 0.89 0
0.77 0.09 0.89 1
0.52 0.24 0.46 1
0.6 0.33 0.69 1
0.57 0.26 0.68 0
0.89 0.88 0.44 1
0.58 0.06 0.47 1
0.5 0.61 0.64 1
0.52 0.96 0.85 0
0.67 0.07 0.57 1
0.86 0.04 0.74 0
0.82 0.42 0.99 1
0.9 0.92 0.73 1
0.95 1.0 0.69 1
0.84 0.13 0.35 0
0.62 0.38 0.45 1
0.71 0.98 0.98 1
0.96 0.25 0.4 0
0.63 0.03 0.76 0
0.89 0.53 0.75 0
0.83 0.56 0.61 0
0.54 0.8 0.82 1
0.86 0.28 0.5 0
0.85 0.8 0.93 0
0.58 0.25 0.36 1
0.59 0.72 0.64 1
0.66 0.01 0.6 1
0.51 0.71 0.91 0
0.75 0.7 0.97 1
0.67 0.52 0.86 1
0.65 0.48 0.82 0
0.59 0.6 0.77 0
0.96 0.34 0.76 1
0.69 0.15 0.43 0
0.73 0.98 0.78 1
0.56 0.45 0.35 1
0.75 0.12 0.59 1
0.89 0.91 0.9 1
0.84 0.07 0.87 0
0.82 0.59 0.41 1
0.96 0.16 0.83 0
1.0 0.11 0.85 0
0.69 0.6 0.49 0
0.63 0.28 0.85 0
0.77 0.16 0.94 1
0.52 0.7 0.67 1
1.0 0.1 0.97 1
1.0 0.69 0.81 1
0.58 0.39 0.87 1
0.68 0.13 0.87 1
0.67 0.07 0.59 1
0.81 0.61 0.45 0
0.63 0.48 0.85 0
0.79 0.31 0.65 0
1.0 0.81 1.0 1
0.63 0.65 0.73 0
0.92 0.24 0.54 0
0.77 0.59 0.44 0
0.98 1.0 0.99 1
